1|Dicki|Jackie|Jackie66|1-788-588-4244 x850|278937038_39859|
2|Kihn|Larry|Larry_Kihn|1-939-946-2355 x7476|396209821_74494|
3|Koss|Rudolph|Rudolph.Koss68|(377) 551-6664|847771397_28484|
4|Vandervort|Kristopher|Kristopher_Vandervort29|(460) 820-7598 x598|405698561_68487|
5|Tremblay|Sheldon|Sheldon99|(941) 475-9695 x9390|884543803_63287|
6|Gleichner|Omar|Omar_Gleichner45|879-539-8481 x386|455544979_29741|
7|Osinski|Alison|Alison_Osinski16|1-321-490-6905 x2095|269591988_26077|
8|Beatty|Lloyd|Lloyd.Beatty|715-941-7774 x8176|327916890_43611|
9|Kuphal|Armando|Armando_Kuphal39|1-432-320-7013|585574821_25031|
10|Cummings|Nathan|Nathan.Cummings|(756) 481-5945|876773234_31894|
11|Reichel|Janet|Janet3|1-951-746-2958 x8704|286374213_40313|
12|Pfeffer|Fernando|Fernando_Pfeffer79|937.494.5078 x6609|619569605_40801|
13|Jaskolski|Kari|Kari68|941-384-5222 x178|820655155_62963|
14|Cummings|Rosemarie|Rosemarie1|608.979.9544|378848849_37690|
15|Okuneva|Jerald|Jerald85|454.718.1128|143442078_37541|
16|Krajcik|Woodrow|Woodrow.Krajcik99|678-913-3765|674684639_30208|
17|Kozey|Margaret|Margaret_Kozey58|673-465-2515|302883785_54657|
18|Shields|Genevieve|Genevieve_Shields92|(555) 527-4586|626214208_40220|
19|Rath|Marie|Marie.Rath19|(672) 782-7505 x00310|332553268_63788|
20|Parisian|Arturo|Arturo.Parisian|905.309.4192 x7514|606731148_21815|
21|Heidenreich|Doreen|Doreen22|(304) 987-1273 x4334|763749194_35376|
22|Russel|Otis|Otis71|531.392.9090 x8205|540787076_73018|
23|Wilkinson|Kristopher|Kristopher.Wilkinson|667-888-8472 x3770|673746626_50767|
24|Dach|Lori|Lori.Dach|1-819-331-2008|259382633_42094|
25|Runolfsdottir|Derek|Derek.Runolfsdottir41|226.741.3915 x974|420773582_74507|
26|Schinner|Stuart|Stuart.Schinner51|(581) 253-0119|441608887_31551|
27|Feeney|Suzanne|Suzanne_Feeney|262.897.6129 x9384|214339064_81625|
28|Corkery|Johnathan|Johnathan.Corkery|205-235-7287 x0794|550121548_84384|
29|Ledner|Julie|Julie62|(343) 439-4210|232544613_52904|
30|Bernhard|Kathy|Kathy.Bernhard54|247.863.2573 x605|198831849_11973|
31|VonRueden|Courtney|Courtney_VonRueden90|301.247.4685 x779|267394260_55218|
32|Streich|Becky|Becky.Streich|957.757.2848|382128398_87695|
33|Spencer|Delia|Delia8|430-263-0949|213567896_55534|
34|Cronin|Marian|Marian74|(692) 393-8313|573896426_48409|
35|Kuhn|Lloyd|Lloyd_Kuhn|1-838-227-5825|582207567_59871|
36|Murray|Doyle|Doyle28|(528) 310-4467|729649391_77597|
37|Ortiz|Geraldine|Geraldine.Ortiz|1-646-627-3599 x1243|729519498_10702|
38|Nader|Pete|Pete.Nader87|(357) 411-9570 x302|642853217_71725|
39|Jacobi|Sidney|Sidney.Jacobi57|(356) 413-4479 x76226|495769957_49136|
40|Hoeger|Vickie|Vickie83|964-861-7254 x7284|414032966_41699|
41|Bogisich|Ora|Ora11|400.247.4767|439011785_18988|
42|Sauer|Alvin|Alvin_Sauer|778-901-4491|525622788_19801|
43|Conn|Andrea|Andrea13|262-464-5117 x3268|824643873_25608|
44|Hyatt|Yvonne|Yvonne19|(555) 388-3318 x31575|821224096_63334|
45|Gerhold|Lynette|Lynette.Gerhold|1-769-470-9152 x48450|446667378_70186|
46|Torp|Dwayne|Dwayne99|459.283.5179|147921954_10381|
47|Schmitt|Lynn|Lynn28|524.571.9470 x06703|135145192_10459|
48|Witting|Connie|Connie_Witting4|1-966-527-4960|403417798_75381|
49|Zboncak|Thomas|Thomas.Zboncak89|939-714-2813 x02064|422229901_45005|
50|Herzog|Joanne|Joanne15|546.726.8901|231862956_19394|
51|Altenwerth|Marcus|Marcus.Altenwerth75|912.805.5211|562112614_22195|
52|Marks|Andre|Andre_Marks|426.695.7534 x2904|493588394_71509|
53|Heaney|Lynne|Lynne88|(623) 573-8525|244229365_14434|
54|Kutch|Marsha|Marsha_Kutch89|1-340-759-0932 x265|397738118_57269|
55|Ferry|Jill|Jill82|912-892-5250|330930248_29063|
56|Runte|Nicholas|Nicholas_Runte96|908-791-1295|117256017_42212|
57|Pagac|Elbert|Elbert_Pagac72|(498) 250-5077|122337736_32361|
58|Koepp|Carlos|Carlos98|494-213-5149 x443|854636704_83230|
59|Romaguera|Jean|Jean.Romaguera|1-482-972-2377 x4803|802816052_76024|
60|Bergstrom|Sophia|Sophia.Bergstrom10|1-564-717-9481|485372276_88165|
61|Kris|Linda|Linda.Kris95|(601) 986-8595 x812|806568837_73333|
62|Wilkinson|Raquel|Raquel39|308-636-0357 x4936|762133686_28849|
63|Nitzsche|Santos|Santos.Nitzsche|1-910-743-3769|199899584_69805|
64|Goyette|Marcos|Marcos.Goyette|556-758-6276 x323|285557454_51712|
65|Walsh|Drew|Drew_Walsh|747-564-0448 x7809|345044126_66899|
66|Collins|Marcia|Marcia.Collins56|204-493-2491 x23952|522994524_47860|
67|Kutch|Claire|Claire1|420-643-0658|111992354_34799|
68|Botsford|Cesar|Cesar0|862-371-9012 x8757|637814063_42346|
69|Gibson|Kara|Kara91|(675) 839-4850|751351998_39844|
70|Brown|Samuel|Samuel.Brown|(642) 445-1588|482340171_89954|
71|Champlin|Wilson|Wilson.Champlin94|533-887-5504|484303052_80154|
72|Ruecker|Courtney|Courtney91|323.919.5999 x64867|125694490_72694|
73|Mayer|Lucas|Lucas.Mayer|1-844-839-9368|396199870_74894|
74|Hyatt|Wilfred|Wilfred.Hyatt|1-362-599-9808 x1537|674411055_58486|
75|Green|Johnnie|Johnnie_Green|669-845-1347 x651|546268850_52831|
76|Lakin|Derek|Derek_Lakin|696-799-4294 x880|356416130_26455|
77|Maggio|Shelly|Shelly_Maggio|(678) 240-5317 x54040|273135943_49547|
78|Frami|Billie|Billie_Frami75|273-619-0611 x381|778019547_77378|
79|Wyman|Willard|Willard.Wyman0|887-559-5265 x3301|451925475_29574|
80|Lesch|Israel|Israel27|918.539.5395 x0342|551910914_46918|
81|Crooks|Faith|Faith_Crooks|890-355-6921|191526524_68465|
82|Funk|Philip|Philip91|920.213.3146 x86751|568520379_74056|
83|Blanda|Russell|Russell49|696.296.0253|377794060_32953|
84|Zieme|Jack|Jack73|491-758-9281|201713406_80040|
85|Balistreri|Lynette|Lynette1|738-624-7881|604003546_44356|
86|Boyer|Clark|Clark49|1-451-295-8726|423212012_84073|
87|Glover|Mae|Mae.Glover|(727) 208-8340 x69670|721034183_49349|
88|Yost|Tracey|Tracey_Yost|(629) 768-3260 x126|563365755_26489|
89|Wintheiser|Darin|Darin.Wintheiser|509-450-0334 x267|837067273_51487|
90|Murphy|Natalie|Natalie.Murphy|275-306-3194 x51873|793816542_52394|
91|Bayer|Melba|Melba.Bayer39|817.677.5850|581969544_48146|
92|Brekke|Byron|Byron.Brekke|341-895-8999|313650505_13796|
93|Kreiger|Johnathan|Johnathan92|(235) 232-9101 x025|707312742_89798|
94|Keeling|Lorene|Lorene_Keeling|(240) 231-2182|235544258_33303|
95|Hoppe|Cassandra|Cassandra42|284-514-7272|260915795_84161|
96|Kiehn|Edgar|Edgar_Kiehn16|285.581.4183 x535|714960596_68991|
97|Kuhic|Martha|Martha20|1-835-440-9271|649034604_45430|
98|Jacobson|Marion|Marion.Jacobson|750-439-0635|281712066_53640|
99|Gerlach|Justin|Justin24|1-500-660-4572|338067540_58427|